0 2 18
0 3 38
0 4 18
0 5 39
1 2 22
2 2 13
3 2 15
4 2 21
5 2 19
6 5 44
7 5 44
8 2 21
9 2 16
10 2 14
11 2 19
13 0 41
13 1 32
13 5 12
14 0 41
15 0 41
16 0 41
17 0 41
19 0 41
20 0 41
21 0 41
22 0 41
23 2 16
24 2 17
25 2 16
26 2 14
27 2 20
28 2 14
29 2 13
30 2 14
31 2 17
33 2 13
34 2 17
35 5 44
36 2 22
37 2 17
41 5 40
42 2 13
43 5 44
45 5 44
9 4 16
21 1 6
42 4 19
9 5 39
33 4 21
11 4 19
14 1 7
25 5 39
21 1 32
27 4 20
22 1 38
21 5 12
29 5 39
34 4 20
34 2 20
16 1 7
37 4 18
19 1 45
33 4 13
36 4 22
3 3 32
42 5 39
33 2 21
23 4 16
34 3 35
1 5 39
1 3 45
37 5 39
1 4 22
2 4 18
10 4 14
10 3 43
2 3 32
23 2 21
17 1 35
26 5 39
42 2 19
8 4 21
2 5 39
17 1 38
15 5 12
2 2 18
42 4 22
31 4 17
33 4 18
3 4 15
28 2 15
8 3 32
42 4 13
20 1 7
4 4 21
32 5 44
31 3 35
37 2 18
10 4 15
30 4 14
33 2 18
5 4 19
22 1 45
5 5 39
17 5 12
37 3 38
29 4 13
28 3 43
23 4 21
24 4 17
33 2 15
33 4 15
24 3 38
33 3 32
31 4 20
30 5 39
14 5 12
28 2 19
14 1 43
24 5 39
38 5 44
42 3 45
8 5 39
19 5 12
20 1 35
20 5 12
23 5 39
34 5 39
26 4 16
4 5 39
31 5 39
18 0 41
18 1 32
26 2 20
19 1 43
31 2 20
15 1 32
25 3 7
9 3 6
26 2 16
